560714
558008
555982
555945
555204
555027
554271
554076
553148
552850
552815
552470
552215
552075
552061
552020
552019
552005
551667
551598
551207
550520
550482
550439
550291
550054
550043
550035
550018
549911
549820
549746
549739
549728
549709
549668
549583
549562
549550
549548
549444
549155
548946
548884
548880
548875
548866
548859
548857
548847
548671
548658
548646
548610
548600
548579
548569
548566
548561
548472
548301
548276
548221
548197
548194
548188
548107
548087
548076
548032
547959
547957
547955
547953
547918
547898
547889
547888
547887
547859
547784
547783
547751
547666
547600
547587
547584
547551
547521
547516
547510
547492
547487
547472
547448
547442
547438
547435
547432
547414
547393
547372
547365
547354
547347
547345
547330
547229
547197
547161
547104
547076
547038
546999
546909
546888
546875
546826
546815
546754
546719
546711
546707
546705
546676
546673
546573
546572
546569
546530
546482
546473
546454
546423
546404
546399
546373
546372
546302
546301
546293
546284
546282
546275
546274
546273
546271
546256
546253
546233
546225
546221
546169
546133
546128
546119
546087
546077
546069
546067
546063
546050
546045
545992
545986
545980
545966
545935
545904
545850
545840
545838
545835
545820
545819
545815
545794
545761
545737
545719
545704
545695
545687
545673
545662
545658
545652
545640
545605
545571
545555
545541
545530
545522
545513
545505
545495
545494
545493
545488
545459
545458
545454
545453
545442
545438
545436
545428
545424
545422
545421
545420
545413
545402
545396
545392
545378
545375
545351
545325
545315
545291
545188
545169
545156
545125
545124
545109
545108
545107
545106
545105
545104
545100
545093
545089
545086
545065
545059
545047
545017
544999
544997
544990
544985
544982
544967
544966
544965
544616
544555
544550
544515
544513
544511
544509
544507
544485
544421
544391
544377
544326
544318
544262
544253
544251
544243
544190
544176
544169
544161
544137
544115
544111
544090
543977
543916
543900
543899
543896
543895
543892
543859
543849
543838
543837
543836
543835
543833
543827
543816
543814
543813
543802
543788
543785
543754
543739
543732
543724
543723
543715
543659
543648
543569
543566
543563
543561
543560
543556
543551
543547
543544
543541
543503
543502
543479
543463
543459
543452
543446
543445
543444
543432
543400
543396
543391
543382
543377
543374
543361
543360
543358
543357
543356
543355
543354
543353
543351
543347
543339
543338
543336
543320
543317
543308
543303
543297
543286
543222
543203
543182
543180
543170
543141
543128
543113
543112
543111
543110
543101
543067
543063
543060
543041
543026
543010
542992
542972
542967
542952
542939
542936
542928
542924
542906
542887
542882
542871
542855
542854
542848
542845
542840
542824
542779
542756
542739
542709
542703
542699
542696
542692
542688
542687
542683
542677
542673
542672
542670
542667
542659
542655
542654
542650
542645
542640
542636
542635
542629
542626
542618
542607
542599
542595
542586
542579
542570
542569
542565
542562
542560
542557
542555
542552
542550
542548
542546
542541
542538
542537
542535
542532
542530
542523
542520
542518
542515
542509
542503
542501
542499
542497
542492
542478
542476
542474
542473
542469
542467
542464
542462
542461
542459
542447
542446
542445
542442
542415
542410
542366
542360
542356
542341
542338
542337
542332
542328
542322
542315
542310
542308
542299
542298
542297
542290
542288
542287
542285
542268
542256
542219
542216
542194
542187
542181
542154
542134
542125
542117
542111
542106
542103
542102
542090
542057
542046
542042
542031
542028
542023
542017
542016
542012
541999
541998
541997
541996
541992
541991
541980
541979
541973
541967
541956
541912
541890
541856
541832
541777
541774
541767
541751
541745
541732
541730
541729
541728
541719
541716
541714
541709
541708
541695
541656
541639
541625
541607
541606
541594
541593
541588
541568
541565
541562
541558
541542
541537
541526
541524
541516
541508
541488
541486
541485
541475
541449
541446
541444
541438
541437
541408
541406
541399
541386
541380
541374
541350
541349
541316
541285
541271
541255
541233
541230
541229
541209
541205
541183
541181
541164
541162
541161
541146
541145
541139
541138
541128
541122
541118
541113
541110
541107
541098
541096
541093
541089
541069
541065
541059
541055
541053
541048
541047
541034
541025
541021
541016
540981
540978
540976
540969
540957
540955
540953
540920
540917
540914
540912
540907
540877
540853
540846
540838
540837
540835
540834
540832
540830
540803
540799
540786
540779
540771
540768
540748
540740
540736
540731
540706
540703
540693
540691
540682
540680
540678
540675
540673
540670
540664
540663
540653
540644
540643
540640
540639
540637
540629
540627
540622
540610
540601
540572
540546
540540
540539
540528
540518
540507
540503
540482
540479
540471
540469
540453
540440
540400
540382
540381
540359
540357
540347
540336
540299
540286
540264
540261
540254
540253
540251
540239
540203
540190
540181
540168
540163
540161
540158
540153
540151
540149
540135
540130
540124
540118
540085
540078
540033
540026
539984
539976
539974
539962
539961
539960
539958
539954
539946
539945
539896
539891
539886
539876
539873
539842
539821
539819
539813
539807
539804
539795
539789
539787
539771
539764
539762
539757
539754
539726
539723
539722
539682
539679
539677
539672
539671
539665
539664
539663
539662
539661
539649
539644
539638
539635
539629
539627
539618
539611
539607
539598
539590
539587
539584
539574
539572
539567
539557
539550
539549
539547
539544
539539
539521
539520
539519
539518
539515
539511
539504
539500
539471
539463
539459
539450
539417
539391
539368
539367
539363
539362
539305
539260
539258
539228
539227
539222
539214
539212
539210
539207
539206
539203
539196
539195
539181
539168
539164
539157
539156
539155
539142
539127
539123
539120
539119
539115
539114
539108
539106
539101
539097
539093
539087
539083
539077
539063
539052
539028
539021
539006
539001
538999
538995
538994
538990
538955
538931
538923
538921
538916
538902
538899
538830
538823
538815
538813
538802
538791
538790
538765
538751
538747
538742
538740
538731
538730
538725
538724
538723
538722
538698
538689
538686
538683
538677
538672
538669
538651
538604
538593
538588
538585
538582
538571
538569
538566
538550
538542
538535
538530
538529
538523
538521
538514
538510
538509
538502
538486
538481
538477
538475
538454
538445
538442
538438
538434
538431
538413
538410
538390
538369
538367
538354
538346
538344
538342
538305
538292
538281
538270
538257
538255
538250
538214
538210
538196
538188
538187
538184
538179
538174
538153
538146
538145
538142
538129
538124
538122
538083
538082
538076
538075
538053
538034
538028
538017
538011
537987
537964
537961
537950
537928
537895
537883
537882
537872
537852
537828
537826
537824
537784
537772
537756
537724
537705
537699
537694
537652
537651
537642
537626
537625
537609
537596
537594
537581
537567
537561
537557
537555
537544
537540
537529
537512
537501
537499
537497
537486
537483
537475
537454
537446
537444
537439
537437
537428
537424
537422
537419
537415
537414
537412
537409
537405
537390
537389
537382
537376
537370
537368
537367
537363
537358
537354
537341
537340
537336
537333
537323
537308
537307
537306
537304
537293
537288
537287
537285
537277
537272
537271
537267
537266
537265
537264
537261
537256
537248
537246
537243
537241
537240
537238
537237
537233
537227
537226
537225
537222
537218
537202
537201
537196
537193
537191
537189
537131
537129
537126
537122
537119
537102
537100
537097
537085
537077
537071
537066
537050
536962
536961
536941
536935
536934
536922
536912
536896
536865
536842
536824
536821
536816
536811
536809
536807
536805
536788
536787
536773
536771
536762
536738
536718
536710
536699
536697
536696
536695
536691
536687
536684
536681
536679
536663
536658
536645
536642
536630
536619
536608
536598
536587
536580
536579
536574
536573
536572
536567
536565
536560
536551
536545
536544
536543
536537
536536
536530
536526
536519
536504
536497
536495
536469
536464
536457
536456
536455
536454
536453
536445
536437
536435
536431
536414
536413
536397
536395
536394
536365
536355
536309
536286
536274
536254
536246
536239
536233
536232
536230
536228
536221
536215
536214
536210
536208
536205
536204
536200
536194
536193
536187
536182
536181
536164
536162
536157
536147
536141
536138
536135
536130
536126
536111
536106
536090
536088
536082
536077
536073
536068
536057
536055
536053
536050
536044
536042
536037
536035
536022
536016
536014
536011
535990
535989
535988
535974
535967
535942
535940
535921
535919
535916
535912
535905
535898
535859
535852
535851
535842
535838
535835
535804
535801
535800
535797
535779
535775
535743
535735
535710
535677
535674
535673
535669
535667
535623
535620
535617
535614
535608
535606
535602
535599
535595
535592
535582
535581
535577
535572
535554
535552
535549
535525
535517
535510
535495
535484
535479
535472
535457
535449
535445
535391
535386
535336
535293
535266
535244
535231
535229
535213
535166
535162
535155
535150
535140
535132
535130
535121
535110
535094
535084
535076
535075
535072
535052
535049
535028
535023
535017
535013
535011
535010
535008
534999
534997
534977
534957
534945
534930
534869
534832
534779
534766
534722
534717
534713
534686
534685
534682
534677
534675
534674
534664
534657
534653
534640
534635
534634
534625
534618
534579
534540
534491
534489
534413
534410
534409
534404
534402
534401
534397
534381
534379
534378
534360
534356
534351
534348
534343
534329
534311
534309
534308
534305
534299
534297
534296
534293
534284
534275
534273
534271
534270
534264
534263
534262
534255
534241
534237
534228
534225
534224
534208
534204
534202
534200
534197
534196
534152
534149
534148
534146
534143
534142
534141
534132
534131
534126
534109
534107
534105
534094
534046
534043
534039
534034
534033
534026
534025
534024
534022
534017
534016
534015
534013
534012
534011
534009
533998
533995
533946
533945
533944
533938
533899
533898
533894
533893
533889
533888
533883
533881
533875
533872
533869
533868
533849
533847
533842
533834
533832
533824
533823
533817
533815
533808
533802
533800
533794
533787
533782
533781
533748
533740
533739
533735
533732
533727
533699
533693
533657
533634
533610
533602
533586
533584
533583
533575
533571
533563
533557
533542
533536
533531
533520
533505
533504
533491
533486
533483
533478
533476
533472
533471
533468
533459
533448
533441
533401
533361
533342
533340
533326
533318
533316
533313
533302
533272
533269
533199
533193
533192
533189
533180
533174
533169
533168
533167
533164
533163
533162
533161
533131
533112
533091
533082
533075
533054
533044
533028
533009
533000
532991
532981
532979
532978
532970
532940
532923
532853
532852
532832
532800
532789
532772
532765
532753
532752
532751
532749
532744
532735
532727
532720
532713
532704
532700
532683
532681
532665
532661
532642
532631
532617
532613
532604
532596
532588
532582
532568
532563
532556
532555
532533
532508
532501
532500
532473
532470
532442
532432
532408
532407
532396
532390
532389
532382
532380
532366
532353
532348
532344
532325
532322
532319
532308
532307
532304
532301
532296
532282
532279
532260
532257
532243
532240
532207
532194
532190
532187
532181
532165
532143
532141
532133
532131
532128
532125
532123
532118
532116
532113
532110
532100
532090
532086
532083
532077
532076
532070
532059
532056
532052
532051
532035
532033
532024
532022
532004
531965
531960
531944
531943
531940
531934
531923
531922
531919
531911
531855
531853
531850
531837
531832
531828
531821
531819
531782
531781
531774
531768
531754
531749
531714
531708
531707
531704
531699
531687
531686
531684
531682
531678
531677
531675
531672
531667
531660
531659
531658
531648
531644
531629
531622
531612
531609
531593
531580
531550
531534
531533
531531
531522
531521
531518
531512
531510
531507
531504
531501
531499
531498
531491
531485
531484
531483
531482
531471
531468
531464
531462
531456
531451
531444
531441
531440
531438
531437
531435
531433
531428
531409
531403
531362
531355
531354
531351
531346
531322
531321
531320
531315
531310
531308
531301
531295
531289
531288
531279
531278
531277
531276
531274
531272
531226
531211
531204
531179
531178
531175
531174
531169
531159
531157
531132
531128
531120
531119
531115
531114
531112
531105
531102
531097
531094
531091
531083
531079
531078
531062
531061
531053
531044
531042
531040
531033
531011
531001
530993
530973
530963
530948
530947
530942
530941
530925
530920
530910
530906
530903
530891
530886
530880
530878
530871
530870
530857
530852
530837
530820
530819
530818
530802
530800
530793
530792
530791
530783
530777
530775
530764
530758
530746
530741
530739
530719
530704
530681
530651
530642
530602
530594
530593
530590
530578
530577
530543
530542
530541
530538
530521
530517
530493
530479
530465
530455
530436
530428
530403
530390
530379
530325
530323
530314
530306
530303
530302
530296
530294
530293
530291
530289
530286
530268
530266
530262
530255
530246
530239
530238
530236
530234
530231
530226
530221
530216
530213
530207
530205
530197
530196
530195
530184
530183
530181
530179
530173
530167
530162
530154
530147
530146
530136
530126
530120
530119
530117
530110
530102
530099
530097
530094
530092
530081
530077
530073
530068
530065
530051
530034
530025
529959
529922
529919
529918
529915
529903
529878
529876
529868
529866
529862
529858
529854
529846
529831
529826
529825
529820
529805
529778
529776
529754
529741
529710
529707
529706
529702
529699
529697
529696
529687
529680
529666
529664
529660
529657
529651
529610
529607
529598
529595
529594
529589
529583
529582
529580
529577
529567
529566
529560
529556
529552
529549
529543
529507
529506
529505
529503
529487
529474
529471
529442
529439
529435
529427
529425
529424
529416
529415
529402
529400
529395
529392
529383
529377
529369
529368
529365
529352
529340
529328
529327
529323
529322
529318
529317
529312
529305
529297
529289
529287
529281
529272
529269
529262
529258
529254
529253
529247
529245
529219
529215
529214
529210
529209
529207
529199
529194
529192
529186
529185
529180
529179
529178
529177
529173
529172
529171
529165
529159
529155
529142
529128
529121
529120
529118
529117
529116
529115
529114
529113
529082
529071
529068
529056
529049
529043
529039
529031
529029
529009
529000
528997
528994
528980
528976
528973
528962
528955
528944
528937
528934
528932
528924
528922
528921
528919
528906
528896
528890
528886
528879
528873
528870
528865
528864
528859
528853
528852
528842
528837
528834
528831
528828
528826
528825
528821
528815
528810
528803
528793
528786
528772
528765
528764
528763
528760
528758
528748
528741
528736
528732
528731
528726
528722
528721
528715
528702
528701
528677
528664
528661
528654
528653
528649
528646
528640
528632
528631
528628
528623
528618
528612
528608
528590
528583
528569
528566
528560
528549
528547
528512
528505
528504
528502
528501
528494
528491
528489
528487
528470
528439
528422
528418
528414
528406
528404
528392
528390
528382
528381
528369
528368
528356
528345
528339
528331
528327
528321
528320
528317
528316
528312
528311
528306
528301
528295
528285
528271
528265
528255
528247
528246
528216
528206
528199
528198
528196
528194
528187
528181
528177
528172
528168
528165
528157
528156
528145
528134
528131
528126
528120
528117
528099
528097
528088
528080
528062
528061
528059
528051
528041
528040
528035
528033
528031
528027
528025
528016
528014
528013
528012
528005
528003
528001
528000
527995
527992
527989
527988
527985
527980
527979
527973
527970
527967
527966
527945
527942
527934
527933
527931
527929
527919
527918
527910
527907
527904
527901
527894
527877
527871
527862
527856
527852
527835
527834
527833
527823
527813
527798
527784
527774
527765
527763
527758
527753
527750
527748
527746
527745
527743
527733
527727
527667
527657
527651
527650
527634
527631
527613
527603
527598
527596
527594
527592
527588
527585
527579
527578
527575
527566
527510
527509
527505
527498
527481
527480
527479
527471
527469
527468
527455
527440
527434
527431
527424
527422
527420
527395
527365
527357
527353
527347
527343
527334
527332
527331
527329
527327
527326
527321
527316
527311
527310
527307
527300
527296
527290
527283
527274
527271
527270
527267
527263
527260
527259
527257
527254
527190
527187
527183
527176
527174
527172
527169
527164
527157
527148
527144
527141
527137
527127
527106
527099
527093
527091
527087
527077
527057
527056
527055
527054
527053
527052
527048
527047
527042
527040
527031
527029
527027
527025
527023
527022
527016
527007
527006
527004
527002
526999
526996
526993
526992
526991
526986
526984
526979
526974
526969
526968
526966
526964
526958
526956
526955
526954
526950
526947
526946
526944
526942
526941
526933
526930
526927
526924
526923
526919
526917
526910
526906
526905
526896
526881
526867
526844
526834
526824
526818
526816
526810
526800
526795
526791
526790
526789
526788
526776
526773
526766
526763
526761
526760
526759
526755
526752
526746
526744
526741
526738
526736
526732
526730
526728
526727
526723
526720
526718
526716
526713
526706
526703
526701
526695
526694
526692
526690
526687
526686
526680
526678
526677
526676
526673
526669
526661
526660
526655
526652
526649
526645
526641
526634
526626
526625
526614
526611
526610
526607
526605
526604
526593
526592
526591
526586
526573
526567
526564
526559
526553
526551
526546
526538
526533
526527
526526
526520
526516
526515
526513
526509
526502
526496
526491
526488
526487
526484
526461
526454
526448
526441
526439
526432
526429
526417
526413
526407
526395
526363
526360
526359
526358
526348
526343
526338
526334
526331
526329
526327
526298
526294
526293
526292
526289
526280
526274
526270
526268
526267
526261
526260
526248
526238
526237
526231
526226
526224
526217
526210
526206
526201
526198
526197
526192
526185
526139
526122
526116
526114
526112
526076
526074
526072
526071
526068
526061
526060
526052
526044
526043
526036
526035
526033
526032
526031
526028
526020
526015
526013
525999
525997
525994
525990
525988
525986
525981
525977
525976
525972
525971
525965
525959
525958
525955
525942
525939
525933
525932
525931
525929
525923
525911
525908
525902
525900
525898
525895
525889
525887
525885
525882
525875
525871
525860
525850
525849
525844
525842
525841
525840
525830
525828
525826
525817
525803
525800
525798
525793
525789
525788
525782
525778
525768
525766
525764
525762
525754
525750
525740
525734
525729
525717
525709
525684
525681
525670
525665
525648
525646
525644
525643
525641
525638
525635
525633
525629
525626
525624
525621
525619
525618
525615
525610
525609
525602
525599
525571
525557
525542
525538
525530
525527
525525
525521
525517
525515
525510
525507
525505
525502
525499
525498
525496
525495
525490
525487
525482
525480
525477
525475
525472
525469
525468
525467
525451
525447
525430
525428
525423
525417
525410
525406
525399
525398
525395
525385
525373
525366
525364
525363
525356
525343
525342
525338
525337
525327
525305
525292
525284
525278
525265
525263
525253
525249
525246
525243
525238
525236
525233
525215
525213
525212
525202
525199
525197
525192
525188
525184
525181
525178
525175
525170
525166
525162
525159
525148
525141
525136
525131
525126
525112
525110
525102
525098
525092
525084
525083
525081
525077
525075
525074
525073
525068
525062
525060
525046
525036
525033
525025
525022
525003
524993
524987
524976
524975
524973
524972
524968
524966
524957
524946
524936
524935
524915
524914
524913
524905
524900
524897
524882
524835
524831
524827
524823
524817
524814
524812
524807
524801
524798
524791
524784
524781
524777
524773
524764
524759
524757
524755
524750
524736
524730
524728
524725
524713
524697
524692
524674
524663
524650
524649
524644
524633
524608
524602
524597
524595
524588
524575
524572
524563
524562
524560
524550
524511
524507
524506
524444
524439
524423
524403
524370
524368
524364
524357
524349
524342
524339
524324
524317
524309
524308
524307
524298
524292
524291
524289
524287
524283
524265
524263
524261
524258
524256
524254
524252
524244
524242
524240
524222
524220
524219
524218
524217
524198
524197
524194
524188
524187
524160
524153
524151
524147
524144
524138
524133
524130
524125
524122
524120
524090
524072
524061
524059
524058
524054
524051
524048
524045
524043
524040
524036
524034
524009
523995
523986
523985
523969
523961
523906
523900
523896
523893
523885
523883
523873
523848
523846
523837
523835
523816
523814
523813
523808
523806
523805
523803
523800
523793
523777
523771
523769
523758
523757
523750
523736
523734
523733
523732
523731
523730
523729
523727
523726
523715
523696
523669
523666
523646
523633
523618
523609
523581
523574
523569
523560
523540
523534
523533
523522
523519
523514
523475
523474
523466
523459
523457
523454
523438
523430
523416
523409
523400
523392
523389
523388
523372
523370
523360
523359
523344
523335
523332
523331
523318
523316
523309
523303
523301
523276
523259
523257
523255
523214
523212
523206
523205
523204
523203
523202
523201
523200
523199
523198
523185
523182
523156
523152
523144
523136
523119
523117
523107
523098
523093
523084
523057
523055
523040
523038
523017
523003
522997
522987
522936
522914
522908
522907
522906
522901
522899
522891
522883
522881
522880
522879
522877
522871
522870
522868
522861
522845
522834
522833
522830
522824
522821
522806
522799
522792
522791
522789
522786
522781
522774
522769
522763
522761
522760
522759
522750
522747
522742
522735
522727
522724
522721
522717
522712
522709
522707
522705
522698
522696
522689
522685
522682
522678
522675
522671
522670
522667
522662
522658
522655
522654
522643
522642
522641
522636
522633
522631
522619
522600
522598
522586
522581
522578
522567
522566
522552
522545
522524
522510
522488
522484
522480
522473
522468
522448
522447
522440
522433
522431
522427
522423
522415
522413
522402
522398
522395
522389
522385
522380
522377
522372
522371
522362
522359
522353
522346
522344
522337
522336
522328
522323
522322
522320
522316
522315
522312
522309
522306
522305
522303
522299
522296
522287
522277
522272
522266
522260
522259
522258
522251
522250
522248
522244
522241
522236
522233
522232
522230
522229
522188
522186
522184
522182
522177
522169
522168
522163
522155
522154
522153
522141
522139
522137
522125
522122
522115
522114
522101
522100
522097
522096
522091
522089
522088
522086
522078
522073
522072
522065
522059
522058
522056
522044
522028
522022
521996
521992
521984
521982
521980
521977
521970
521969
521967
521965
521955
521947
521946
521945
521941
521936
521933
521913
521911
521908
521906
521903
521897
521891
521890
521880
521875
521871
521865
521859
521855
521853
521850
521847
521842
521840
521807
521806
521805
521804
521801
521794
521771
521770
521763
521762
521760
521757
521753
521739
521736
521735
521728
521715
521708
521697
521684
521681
521679
521667
521666
521663
521661
521655
521646
521645
521641
521640
521636
521633
521618
521598
521593
521592
521589
521588
521583
521568
521562
521556
521541
521535
521533
521528
521524
521516
521510
521506
521500
521486
521471
521446
521444
521442
521435
521427
521425
521404
521393
521359
521333
521329
521327
521322
521314
521310
521296
521293
521290
521284
521280
521277
521276
521275
521270
521269
521260
521254
521247
521246
521229
521209
521203
521202
521195
521181
521172
521171
521169
521161
521143
521125
521123
521109
521068
521038
521032
521023
521012
521007
520973
520971
520960
520950
520939
520936
520932
520931
520929
520922
520920
520904
520898
520886
520882
520873
520871
520870
520867
520863
520835
520816
520814
520807
520800
520787
520785
520776
520769
520755
520752
520748
520747
520741
520734
520732
520728
520725
520717
520710
520684
520670
520664
520654
520642
520632
520621
520611
520609
520581
520575
520574
520573
520572
520569
520563
520555
520525
520515
520506
520504
520501
520493
520492
520489
520486
520483
520482
520481
520455
520451
520448
520436
520422
520421
520415
520409
520408
520395
520357
520346
520333
520309
520308
520297
520295
520292
520290
520261
520260
520259
520251
520240
520238
520237
520236
520221
520212
520210
520201
520200
520197
520194
520189
520157
520122
520120
520078
520072
520037
520033
520030
520028
520024
520022
520020
520018
520015
520009
520008
519988
519980
519979
519978
519967
519965
519958
519957
519948
519932
519915
519914
519913
519907
519894
519886
519874
519871
519852
519814
519805
519804
519794
519787
519784
519773
519732
519725
519721
519710
519707
519701
519695
519677
519675
519659
519654
519653
519650
519647
519643
519640
519639
519637
519636
519635
519634
519622
519620
519614
519559
519558
519553
519541
519496
519486
519475
519472
519452
519449
519446
519441
519439
519436
519428
519423
519407
519399
519382
519377
519372
519371
519365
519341
519337
519333
519329
519323
519305
519301
519299
519263
519262
519256
519249
519246
519214
519208
519193
519189
519166
519163
519159
519153
519144
519134
519109
519088
519074
519064
519060
519046
519037
519033
519031
519028
519022
519011
519003
519002
519000
518999
518994
518987
518986
518985
518964
518959
518956
518954
518953
518944
518933
518930
518922
518915
518913
518889
518873
518820
518813
518783
518773
518767
518731
518730
518726
518715
518712
518705
518697
518692
518679
518674
518673
518672
518669
518665
518663
518655
518653
518647
518643
518642
518629
518623
518619
518616
518608
518593
518589
518579
518574
518572
518562
518551
518541
518540
518537
518533
518521
518520
518519
518518
518512
518511
518510
518508
518506
518499
518498
518479
518465
518447
518444
518442
518436
518435
518429
518426
518424
518420
518413
518412
518403
518401
518399
518398
518392
518387
518373
518370
518367
518348
518345
518342
518334
518322
518309
518308
518305
518301
518300
518296
518292
518291
518288
518285
518283
518282
518276
518270
518268
518261
518257
518254
518253
518252
518236
518232
518231
518228
518217
518210
518208
518191
518168
518167
518166
518161
518156
518154
518130
518119
518112
518109
518095
518090
518088
518086
518082
518075
518067
518061
518059
518048
518047
518044
518043
518040
518033
518022
518021
518018
518003
518001
517996
517991
517990
517989
517988
517987
517960
517932
517924
517920
517918
517877
517870
517835
517833
517825
517823
517814
517800
517798
517794
517779
517777
517773
517772
517771
517755
517754
517752
517747
517743
517738
517733
517731
517729
517721
517720
517718
517715
517709
517708
517706
517697
517692
517686
517682
517680
517675
517670
517667
517666
517665
517654
517642
517634
517631
517628
517626
517620
517610
517608
517596
517573
517570
517562
517558
517551
517528
517519
517518
517517
517509
517486
517462
517446
517438
517429
517425
517423
517415
517414
517412
517411
517404
517401
517399
517361
517341
517333
517332
517330
517320
517317
517315
517314
517313
517311
517310
517309
517306
517305
517304
517303
517282
517281
517279
517269
517267
517263
517259
517256
517255
517253
517242
517240
517238
517234
517229
517226
517225
517221
517213
517209
517204
517203
517195
517187
517181
517173
517171
517161
517160
517154
517152
517143
517135
517131
517126
517123
517119
517107
517106
517105
517073
517053
517052
517049
517032
517031
517027
517019
517001
516998
516981
516979
516978
516957
516946
516944
516941
516936
516931
516927
516925
516924
516916
516911
516906
516905
516890
516885
516880
516875
516870
516865
516852
516844
516842
516827
516824
516823
516815
516814
516813
516812
516809
516807
516805
516804
516803
516802
516801
516798
516796
516792
516791
516784
516782
516772
516771
516763
516760
516750
516745
516744
516733
516731
516722
516718
516712
516710
516695
516692
516683
516681
516669
516664
516657
516643
516636
516633
516632
516619
516618
516605
516604
516603
516591
516590
516589
516588
516582
516575
516571
516569
516551
516522
516520
516515
516512
516510
516504
516500
516499
516493
516492
516487
516486
516482
516477
516469
516468
516461
516453
516450
516446
516441
516436
516433
516431
516429
516403
516398
516394
516389
516388
516385
516383
516381
516377
516375
516372
516371
516353
516351
516332
516330
516328
516326
516324
516322
516320
516316
516310
516308
516304
516298
516295
516293
516290
516284
516280
516270
516255
516240
516234
516215
516197
516192
516190
516185
516182
516180
516178
516175
516173
516171
516167
516163
516162
516153
516099
516098
516087
516084
516079
516078
516073
516063
516054
516047
516016
516011
516008
516004
515999
515992
515991
515988
515979
515977
515976
515975
515972
515968
515965
515946
515945
515934
515933
515929
515907
515897
515880
515879
515874
515873
515853
515850
515848
515845
515838
515833
515832
515831
515829
515828
515827
515822
515807
515800
515793
515792
515789
515788
515784
515780
515770
515769
515763
515744
515734
515719
515717
515715
515711
515710
515692
515682
515681
515674
515666
515656
515645
515642
515638
515630
515622
515616
515612
515607
515598
515586
515585
515580
515575
515562
515560
515552
515549
515547
515529
515528
515520
515513
515495
515494
515484
515481
515462
515421
515401
515399
515389
515385
515379
515367
515365
515349
515344
515332
515326
515322
515321
515315
515312
515311
515304
515303
515273
515269
515266
515260
515255
515248
515239
515235
515233
515232
515209
515207
515204
515202
515201
515198
515192
515189
515186
515183
515173
515167
515163
515115
515101
515088
515084
515082
515068
515061
515046
515045
515044
515043
515033
515031
515028
515020
515019
515009
515008
515006
515000
514999
514996
514992
514989
514984
514968
514949
514948
514935
514933
514929
514921
514916
514910
514906
514896
514894
514891
514883
514882
514876
514875
514873
514855
514844
514840
514835
514831
514822
514819
514818
514817
514804
514799
514793
514790
514766
514765
514764
514757
514732
514731
514725
514717
514708
514706
514703
514701
514698
514694
514672
514653
514638
514637
514625
514620
514619
514613
514590
514589
514584
514578
514567
514563
514562
514558
514549
514546
514540
514536
514522
514517
514514
514511
514507
514503
514478
514459
514455
514452
514420
514418
514414
514408
514407
514404
514391
514388
514386
514380
514369
514364
514362
514360
514347
514343
514328
514323
514314
514305
514304
514290
514281
514268
514266
514258
514249
514248
514243
514241
514237
514236
514227
514226
514216
514212
514211
514206
514200
514195
514172
514153
514143
514138
514133
514131
514119
514114
514109
514107
514105
514102
514099
514094
514076
514071
514069
514062
514061
514043
514039
514027
514019
514018
514017
514014
514006
513996
513991
513989
513981
513979
513972
513971
513969
513953
513952
513935
513933
513921
513920
513919
513913
513907
513900
513899
513896
513889
513888
513880
513875
513866
513863
513859
513858
513836
513835
513829
513812
513811
513808
513794
513789
513788
513779
513777
513771
513761
513760
513750
513749
513747
513745
513742
513740
513735
513731
513676
513675
513670
513664
513652
513633
513629
513624
513614
513605
513599
513597
513588
513586
513582
513573
513569
513567
513557
513554
513548
513542
513537
513526
513521
513513
513511
513495
513481
513480
513466
513463
513458
513454
513447
513428
513423
513421
513417
513414
513406
513404
513400
513399
513384
513378
513371
513363
513362
513354
513343
513336
513326
513323
513316
513311
513309
513307
513295
513292
513290
513277
513275
513273
513270
513253
513252
513250
513245
513243
513239
513238
513237
513233
464902
512854
512131
511508
511273
510753
510586
509613
509293
508307
507251
506593
503860
503613
499200
497197
497078
494307
493456
493379
493240
492579
492274
492257
492216
491936
491361
491309
490570
489420
487808
487284
487241
487238
487076
486566
486259
486210
485958
485956
485297
485254
485252
485219
484742
484164
483266
482981
482980
482814
482120
482095
482093
481935
481891
481836
481835
481282
481277
481033
480946
480427
480215
480088
479536
479523
479475
479362
479354
479150
478755
478725
478683
478682
478547
478285
477881
477872
477805
477720
477591
477590
477168
477130
476937
476919
476866
476820
476697
476629
476316
476267
476259
476018
475797
475785
475470
475468
475202
474875
474777
474501
474484
474170
474146
474110
474108
474102
474026
474019
473989
473776
473735
473698
473579
473536
473298
473285
473240
473228
472995
472993
472971
472956
472800
472799
472795
472785
472782
472777
472769
472659
472569
472399
472393
472390
472321
472006
471823
471821
471819
471800
471797
471766
471586
471585
471347
471057
471021
470807
470801
470752
470554
470549
470408
470313
470161
470149
470101
470076
470069
470068
470067
470048
470037
470030
469997
469949
469802
469757
469725
469723
469707
469693
469618
469475
469353
469348
469342
469337
469234
469228
469224
469220
469215
469212
469150
469109
468856
468766
468634
468633
468632
468623
468617
468096
468082
468055
468053
468050
467932
467929
467831
467827
467825
467821
467794
467781
467779
467759
467727
467717
467593
467439
467241
467198
467172
467171
467075
467073
467071
467025
466940
466833
466772
466523
466339
466311
466226
466224
466222
466220
466218
466117
466105
466017
466013
465737
465734
465732
465728
465726
465720
465682
465674
465671
465668
465665
465660
465594
465552
465549
465417
465372
465350
465347
465345
465301
465292
465243
465235
465000
464842
464840
464826
464824
464816
464813
464490
464488
464487
464308
464306
463735
463579
463574
463464
463451
463391
463377
463375
463374
463342
463338
463246
463217
463207
463176
463122
463119
463114
463057
463055
462926
462917
462700
462598
462585
462583
462579
462577
462537
462494
462461
462459
462457
462455
462341
462192
462088
462041
462039
462033
462028
462025
462021
462019
462017
461975
461966
461964
461959
461956
461321
460910
460850
460849
460824
460822
460765
460555
460407
460332
460113
460108
460099
460092
459997
459878
459876
459870
459844
459820
459656
459652
459599
459597
459593
459577
459472
459461
459456
459314
459252
459168
458978
458972
458966
458958
458880
458877
458655
458574
458280
458252
458116
458006
458005
457820
457749
457501
457486
457452
457167
457159
457156
457152
457146
457143
457139
457135
457132
457118
456891
456888
456884
456882
456880
456877
456820
456815
456810
456805
456800
456795
456711
456684
456627
456409
456399
456380
456359
456355
456174
456172
456170
456045
456040
456019
455872
455795
455793
455718
455717
455522
455393
455364
455359
455129
455077
455046
455043
455031
455027
455023
454820
454366
453982
453966
453964
453962
453958
453951
453941
453936
453323
452921
452915
452779
452565
452564
452563
452207
452195
452189
452187
452095
452087
451954
451840
451805
451657
451655
451636
451629
451623
451622
451347
451344
451293
451203
451198
451193
451180
451068
451062
450917
450784
450757
450489
450487
450456
450451
450447
449982
449981
449973
449964
449634
449557
449556
449443
449438
449274
449272
449270
449268
449266
449264
449262
449072
449068
449066
449064
448854
448765
448756
448674
448672
448670
448663
448656
448654
448615
448223
448215
448211
448209
447966
447960
447951
447813
447810
447249
447235
447219
447069
447067
447042
447038
447032
447019
447014
447011
447009
446999
446996
446990
446986
446969
446963
446959
446957
446955
446664
446589
446587
446532
446529
446522
445940
445925
445911
445641
445498
445492
445486
445480
445468
445462
445286
445066
445056
445042
444890
444888
444875
444621
444508
444365
444360
444355
444350
444345
444275
443589
443278
443072
442896
442891
442887
442878
442876
442873
442814
442701
442688
442584
442422
442171
442169
442167
442165
441851
441787
441724
441458
441409
441328
441200
441191
441186
441075
441073
441071
441069
441066
441058
441056
440970
440968
440963
440961
440950
440819
440814
440812
440810
440808
440804
440599
440471
440263
439871
439826
439813
439779
439770
439434
439431
439428
439425
439418
438966
438964
438958
438956
438954
438952
438934
438930
438909
438878
438873
438868
438453
437982
437947
437774
437770
437713
437702
437287
437176
437165
437102
437100
437099
437095
437093
437089
437083
437077
437048
436623
436608
436541
436537
436532
436520
436514
436485
436483
436480
436316
436312
436041
435934
435931
435929
435927
435915
435913
435904
435758
435559
435555
434754
434689
434287
434188
434179
434166
434140
434131
434118
434114
434104
434102
434095
434066
434056
434054
434052
433776
433136
433129
433120
433107
433068
433043
433030
433012
432982
432958
432940
432881
432846
432822
432812
432810
432806
432694
431793
431771
431673
431671
431641
431640
431638
431527
431482
431481
431405
431396
431391
431369
431162
431160
431158
431154
431146
431122
431118
431111
431066
430998
430440
430435
430261
430222
429730
429723
429563
428966
428759
428704
428695
428674
428514
428508
428306
428290
428266
428265
428213
428024
428022
427876
427690
427620
427586
427581
427562
427524
427497
427493
427478
427472
427467
427413
426979
426965
426821
426740
426730
426428
426202
426194
426190
426184
426182
426180
425987
425984
425812
425810
425808
425806
425804
425802
425800
425798
425796
425726
425192
424553
424551
424238
424179
424177
424121
424113
424104
424093
423901
423899
423896
423664
423523
423520
423517
423508
423506
423465
423462
423425
423420
423415
423412
423409
423406
423394
423391
423385
423378
423371
423012
422329
422221
422186
422184
422182
422176
422169
422101
422068
421875
421871
421703
421453
421388
421371
421370
421367
421366
421273
421269
421264
421252
420703
420669
420619
420281
420273
420182
420114
420107
420099
420096
419916
419793
419763
419442
419435
419288
419131
419093
419091
419089
419085
419025
419022
419013
418955
418923
418862
418771
418765
418763
418760
418756
418511
418368
418366
418361
418126
417869
417794
417696
417686
417684
417621
417619
417617
417536
417533
417503
417479
417468
417224
417222
417130
417012
416857
416853
416607
416534
416530
416254
416091
415858
415856
415797
415794
415791
415676
415675
415668
415666
415664
415594
415544
415441
415440
415439
415381
415357
415073
415035
415014
414663
414546
414542
414536
414532
414528
414514
414508
414504
414502
414233
414229
414223
414213
414208
414206
414204
414168
413822
413725
413678
413359
413353
413343
413339
413329
413327
413322
413266
413264
413257
413226
413224
413222
413032
413006
412384
411896
411888
411884
411716
411708
411568
411530
411094
409308
409296
409292
408658
407986
407982
407908
407896
405860
405856
405852
405848
405650
405522
404972
404962
404936
404916
404898
404634
404542
404538
404534
404488
404164
402858
402856
402252
402040
402020
401786
401778
401408
400878
400830
400290
400286
400258
400242
400190
400180
400150
400144
400130
400116
400102
400088
400074
400060
400046
399886
399770
399764
399758
399750
399734
398338
398246
398238
398230
398226
398038
397868
397864
397284
397280
397258
397196
397190
397184
397178
397174
397168
397160
397128
396896
396828
396726
396718
396650
396642
396450
396436
396258
396250
395998
395798
395768
395752
395736
395726
395716
395706
395592
395270
395258
395052
394990
394976
394964
394938
394918
394914
394904
394892
394594
394038
393516
392866
391976
391966
391958
391952
391850
391810
391632
391628
391342
391254
391244
390868
390692
390674
390514
390506
390400
390390
390220
390192
390164
389642
388878
388810
388808
388564
388532
388528
388520
388436
388258
388244
388228
388212
388208
388204
388200
388196
388176
388126
388112
388104
388096
388090
388084
388064
387922
387882
387874
387848
387840
387834
387828
387818
387752
387746
387534
387516
387502
387488
387430
387426
387416
387408
387400
387386
387370
387348
387344
387340
387324
387298
387278
387254
387226
386816
386806
386776
386758
386664
386660
386648
386486
386474
386424
386378
386104
386100
386096
386092
385784
385780
385772
385732
385728
385724
385482
385458
385416
385410
385402
385332
385306
385300
384992
384842
384780
384692
384670
384502
384490
384482
384474
383538
383516
382816
382812
382808
382800
382796
382778
382770
382666
382558
382554
382498
382492
382462
382326
382190
382186
382182
382152
382146
382142
382136
382120
382116
382100
382080
382048
382044
382030
382026
381964
381866
381852
381770
381766
381762
381758
381448
381444
381436
381412
381388
381380
381370
381266
381256
381248
381242
381236
381204
381090
381084
381080
381072
381068
380996
380990
380982
380870
380860
380820
380762
380758
380590
380586
380574
380468
380462
380456
380414
380258
380244
380234
380170
380164
380154
380150
380142
380138
380134
380126
380114
380104
380100
380096
380084
380068
380058
379854
379850
379846
379814
379642
379636
379614
379576
379574
379552
379540
379536
379522
379518
379498
379484
379384
379380
379348
379298
379294
379260
379166
379160
379116
378974
378934
378778
378634
378624
378620
378608
378602
378592
377704
377668
377642
377578
377296
377260
376850
376814
376302
376298
376290
376282
376030
376002
375998
375878
375858
375698
374492
374172
374044
374040
374036
373872
373614
373534
373506
372942
372908
372772
372760
372758
372600
372532
371284
371188
371180
371174
371164
371144
371058
370954
370816
370746
370738
370734
370702
370694
370644
370624
370576
370568
370560
370482
370474
370390
370382
370378
370294
370290
369836
369828
368470
368014
367868
367266
367206
366930
366452
366438
366414
366210
366206
365886
365812
365632
365618
365586
365576
363802
362962
362002
361854
361850
361832
361586
361578
361570
361556
361484
361118
361008
360998
360948
360888
360638
360626
360618
360606
360466
360462
360446
360434
360430
360424
360418
360412
360372
360370
360364
360358
360322
360304
360300
360294
360168
360072
359988
359984
359980
359266
359220
359098
359086
359048
359044
359028
358972
358940
358882
358872
358842
358710
358690
358604
358584
358362
358358
357564
357402
357370
357350
357310
357302
357154
356910
356906
356728
356326
356192
355124
355120
354768
354398
354390
354336
354314
354046
354042
353740
353702
353670
353624
353568
353556
353502
353302
353244
352652
352640
352604
352594
352588
352136
352024
349302
348886
348882
348878
348874
348870
348860
348852
348836
348794
348744
348368
346862
346842
346820
346816
346770
346538
346530
346486
346156
346124
346116
346082
346074
345360
345352
344868
344792
344786
344710
344090
344086
344082
344072
343718
343650
343636
343308
343304
343224
343216
342930
342786
342780
342732
342696
342252
342246
342006
341998
341994
341990
341974
341966
341962
341806
341774
341196
340638
340598
340594
340582
340572
340562
340556
340544
340540
340536
340530
340314
340284
340264
340260
340256
339716
339052
339034
338952
338838
338834
338826
338788
338580
338576
338568
338556
338552
338544
338534
338502
338484
338456
338288
337752
337746
337740
336674
336344
334730
334536
334532
330596
330340
330300
330284
330194
330178
330172
330152
330144
330128
329528
327836
327648
327298
326032
324648
324642
324584
324578
324574
324562
324554
324550
324498
324458
324306
324228
324212
324198
324196
324188
324174
324160
324152
324134
324120
324112
324094
324080
324072
324058
324038
324030
324022
324012
323998
323978
323964
323950
323942
323928
323914
323910
323854
323796
323782
323768
323704
323700
323686
323672
323576
323562
323548
323172
323168
323134
323130
323122
323118
323110
322956
322924
322916
322908
322904
322900
322892
322888
322856
322828
322822
322816
322810
322804
322666
322588
322528
322476
322472
322468
322456
322240
322212
322060
321846
321832
321828
321820
321796
321770
320820
320780
320756
320742
320714
320564
320548
320530
320512
319030
319026
319010
318980
318904
318900
318840
318832
318828
318824
318642
318638
318634
318572
318556
318286
318278
317656
317634
316550
315708
315704
315696
315684
315662
315658
315652
315648
312788
312762
312330
311434
310886
310688
310684
310484
310434
310430
310370
310344
310334
310218
310202
310194
310190
310188
310182
310168
310028
310024
310020
309682
309154
309098
309006
309000
308996
308732
308726
308720
308714
308708
308702
308432
308428
308168
308164
307764
307756
307752
307746
307740
307716
307710
307618
307582
307522
307444
307314
306994
306990
306982
306862
306790
306774
306746
306742
306502
306496
305770
305762
305654
305252
305158
304886
304516
304414
304396
304286
304232
304202
304012
304002
303986
303366
303360
303338
303292
303110
302704
301996
301602
301578
299956
299548
299528
299516
298812
298798
298568
298488
298442
298438
298380
298366
298356
297990
297920
297888
297810
297710
297544
297412
297197
297193
297183
297179
297175
297171
297067
297043
296621
296619
296085
296023
296009
295957
295953
295949
295945
295941
295933
295929
295909
295905
295875
295871
295845
295837
295809
295785
295775
295545
295533
295527
295521
295499
295493
295003
294993
294983
294843
294805
294583
293559
293351
293347
293249
293241
292635
292549
292545
292431
292289
292281
292273
292259
292203
292167
292161
292157
291817
290915
290911
290905
290813
290809
290801
290797
290779
290771
290767
290763
290717
290705
290699
290679
290559
290181
290131
289997
289971
289775
289771
289767
289745
289741
289723
289447
289433
289411
289381
289375
289347
289205
289051
289043
288999
288991
288887
288863
288561
288543
288525
288493
288085
288043
287991
287987
287877
287771
286769
286761
286745
286663
286535
286405
286401
286309
286305
286091
286025
285841
285585
285161
285157
285151
285145
285139
285101
285093
285085
285077
285071
285053
285043
285025
284625
284609
284567
284545
284523
284289
283847
283775
283651
282823
282819
282813
282809
282415
282381
282373
282365
282301
282297
282225
281707
281241
281189
281169
280817
280671
280625
280589
280469
280425
279943
279573
279545
279515
279383
279355
278373
277569
277539
277527
277251
277209
277197
277185
277181
277039
277005
277003
276995
276993
276991
276985
276983
276925
276917
276333
276329
276315
276307
276299
276295
276287
276283
276275
275261
275247
275227
275223
274667
274411
274361
274357
274355
274351
274345
274295
274289
274241
273585
273319
273127
273053
273049
272941
272381
272377
272347
272343
272339
272299
272287
272283
272279
272227
272203
271807
271803
271771
271761
271745
271577
271455
271441
271421
270851
270847
270839
270779
270767
270763
270371
270359
270343
270287
270279
269343
269331
268766
268760
268305
268301
267759
267649
267631
266631
266627
266619
266607
266599
266595
266569
266065
266057
265697
265653
265647
265641
265537
265529
265473
265461
265231
264701
264691
264653
264631
264625
264581
264577
264565
264529
264157
264073
264063
264057
263983
263951
263913
263895
263867
263731
263719
262187
262139
262115
262099
262095
262077
261987
261873
261861
261851
261847
261827
261821
261817
261809
261805
261801
261759
261273
261247
260805
260795
260789
260771
260753
260731
260727
260651
260645
260571
260367
259869
259861
259851
259821
259811
259793
259739
259666
259546
259440
259408
259380
259342
259336
259320
259198
259106
259060
259056
259052
258980
258578
258556
258444
258384
258352
257640
257634
257504
257068
256998
256614
256558
256174
256050
255830
255826
255822
255764
255756
255748
255740
255732
255696
255688
255592
255576
255564
255540
255528
255524
255518
255506
255234
255160
255140
254994
254990
254868
254862
254808
254582
254574
254566
254524
254492
253964
253926
253900
253890
253882
253868
253850
253604
253590
253576
253490
253314
252922
252898
252892
252888
252880
252846
252842
252838
252828
252824
252816
252812
252808
252664
252656
252652
252634
252618
252427
252421
252417
252413
252409
252155
252125
251977
251951
251791
251538
251526
251488
251132
250816
250058
250054
250050
250044
249842
249490
249262
247853
247829
247823
247811
247805
247795
247789
247783
247731
247691
247675
247311
247273
247211
246963
246953
245603
245573
245357
245355
245017
244993
244985
244883
244867
244743
244739
244727
244701
244685
244651
244631
244287
244049
243077
242895
242785
242767
242545
242533
242149
241276
241164
241066
241054
241050
241036
240966
240962
239950
239500
239494
239279
238829
238789
238755
238535
238427
238423
238419
238415
237741
237729
237535
236159
236151
235743
235207
234473
234467
234463
234457
234445
234437
234235
234155
234149
234091
233921
233857
233801
233797
233793
233789
233781
233777
233771
233767
233629
232897
232735
232725
231615
231485
231465
231271
231261
231189
230283
229985
229822
229814
229782
229768
229739
229731
229727
229357
228997
228737
228729
228711
228705
228636
228630
228618
228401
228397
228393
228389
228377
228353
228347
228307
228303
228225
228199
228097
228083
228069
228055
228029
227023
226469
226463
226457
226451
224041
222279
221385
221247
221213
221019
219952
219896
219796
219782
219772
219734
219712
219694
219660
219656
219652
219646
219604
214451
214403
214261
214219
214213
214195
214191
214187
214183
214167
213774
213636
213456
213414
213400
213080
213040
212974
212970
212948
212934
212930
212922
212914
212884
212870
212854
212826
211902
211898
209791
209122
205946
205936
205926
205922
205918
205896
205892
205886
205870
205862
205750
205744
205740
205734
205728
205724
205712
205658
205652
205612
205608
205604
205592
205588
205584
205578
205574
205568
205562
205558
205552
205548
205534
205530
205526
205496
205490
205486
205462
205456
205442
205428
205394
205390
205384
205380
205376
205372
205362
205356
205352
205336
205324
205314
205308
205300
205286
205260
205214
205160
205156
205100
205096
203436
203432
203418
203402
203392
203382
203368
203348
203344
203340
203336
203332
203314
203134
203110
203106
203102
203098
203090
203080
203010
203006
203002
202968
202637
202585
201497
201479
196813
196771
196747
195643
194787
194783
194779
194775
194771
194763
194751
194709
194695
194689
194685
194665
194657
194617
194535
194531
194337
194331
194327
194321
194315
194295
194271
194263
194177
194127
194107
194101
194077
194057
194048
194044
193728
193694
193646
193640
193578
193574
193426
193416
193360
193234
193204
193192
193176
193166
193158
193094
193044
193026
193022
193012
192638
192582
192572
192010
191940
191926
191860
191802
191786
191593
191577
191571
191569
191553
191547
191543
191531
191519
191517
191439
190815
190704
190700
190696
190635
190605
190601
190579
190555
190549
190539
190473
190461
190373
190341
190303
190163
190087
190077
190061
189837
189831
189825
189815
189791
189785
189781
189777
189755
189751
189747
189729
189723
189719
189689
189667
189657
189653
189635
189631
189605
189601
189579
189115
189049
189016
189014
189009
188986
188948
188937
188934
188932
188821
188329
188325
188321
188317
188313
188309
188305
188159
188157
187508
187479
187115
187114
187108
187020
187015
187012
186985
186979
186970
186961
186958
186955
186952
186848
186842
186832
186828
186821
186819
186811
186797
186793
186791
186640
186638
186636
186574
186566
186541
186528
186506
186356
185988
185942
185936
185930
185920
185912
185884
185796
185776
185756
185748
185744
185740
185732
185398
185397
184860
184850
184825
184818
184809
184676
184668
184663
184648
184641
184639
184636
184633
184573
184566
184517
184509
184499
183725
183615
182937
182935
182933
182927
182727
182715
182709
182702
182674
182660
182650
182629
182618
182310
182307
182304
182274
182237
182015
181926
181771
181577
181505
181305
181261
181259
181255
181241
181141
180952
180924
180913
180907
180899
180885
180880
180858
180726
180692
180666
180624
180617
180471
180453
180451
180449
180272
180269
180178
180102
179787
179768
179765
179762
179759
179743
179737
179513
179505
179487
178966
178907
178843
178840
178789
178744
178740
178736
178730
178594
178592
178573
178571
178506
178408
178404
178402
178393
178389
178344
178314
178294
178268
178261
178223
178184
178180
178143
178140
178139
178134
177948
177918
177905
177900
177860
177845
177837
177794
177784
177764
177755
177751
177748
177707
177635
177594
177386
177370
177350
177325
177305
177284
177233
177227
177202
177079
177072
177045
176951
176938
176905
176899
176883
176813
176791
176789
176785
176599
176596
176581
176578
176570
176547
176544
176541
176484
176202
176194
176171
175658
175605
175032
174604
174538
174534
174507
174239
174143
174110
174016
173915
173903
173849
173723
173709
173694
173650
173649
173386
173116
173074
172996
172990
172928
172313
172293
172262
172249
172245
172194
172066
171990
171985
171979
171975
171973
171971
171966
171800
171161
171131
171050
170705
170697
170685
170679
170597
170587
170576
170561
170539
170526
170519
170517
170510
170504
170498
170493
170113
169638
169503
169481
169462
169456
169336
169204
169199
169164
169160
169157
169010
168998
168401
168336
168119
167241
167214
167204
167190
167082
167064
167062
167053
167034
166994
166991
166974
166920
166912
166908
573225
574875
564851
554983
573197
556661
553237
554539
554731
549541
576067
566370
561447
561441
572805
553668
564897
568529
560318
569326
555048
559933
559232
555533
576470
576476
556068
576072
518882
575065
560289
517223
549750
550051
549498
549451
551833
550103
552137
548647
551841
552131
554693
568903
558816
565938
573493
570539
572879
562715
577455
565636
581446
566248
523551
527466
518914
523547
545844
575565
565122
557321
574300
574302
550087
559184
558007
558701
556539
555754
561148
558372
577572
571732
571119
567231
551873
517172
560912
523524
550535
557981
530388
524778
475466
573600
572810
566732
551865
550084
550155
550893
550094
550295
550138
561661
563264
561682
565917
524786
545051
563298
524802
530383
562345
563757
565367
580123
574101
569441
569420
568834
563706
565337
561903
551222
551883
565524
562501
565894
575124
577523
522726
580016
558675
581023
547976
556504
551863
579042
576985
580892
580923
582534
521530
581849
573405
572619
510005
576147
572003
573170
557989
578710
576093
554034
579820
527565
575722
551689
563643
559188
572997
557388
523567
562347
536201
559409
568365
579925
568966
565943
524449
571132
563602
556951
566839
566744
564774
567522
560814
531607
578187
565523
543169
553303
535539
559426
563221
563642
563227
563639
563591
575268
563187
543173
547447
584679
568074
556576
543440
572477
567713
564469
578690
544091
543434
544393
582057
551261
544266
571110
574281
573393
567462
574521
522915
579346
545899
522171
561576
561207
561631
564893
569944
562779
556758
572300
568854
515517
558851
546951
557376
566537
562704
561081
574292
577992
523030
581729
548000
573082
555442
522014
577426
558654
571729
581879
547928
521075
565725
553614
540648
562875
503039
539003
568108
568035
562645
553337
561449
561574
533613
522917
552095
563962
547974
547968
573028
559106
568297
566416
567775
556432
570259
551659
531626
582287
563569
571011
532233
563940
525749
574642
572999
572278
560574
563245
563613
569624
562761
527560
518586
527570
573069
568327
525416
527563
527552
573058
560604
562303
564245
562378
536494
527550
536007
562818
570655
567443
567447
569810
555667
569226
576311
553321
551248
566833
558996
540796
565373
576083
517681
566418
571915
571899
577573
575486
400952
531834
553129
572450
558860
574451
567049
522150
522162
544556
565907
572177
513381
577683
563474
566749
565420
503012
562300
558690
539072
558012
576149
576140
572416
572435
522192
559572
559530
572501
576152
523174
572455
569769
558403
552999
552318
568402
535992
546122
546132
569162
566503
488729
563648
578136
559448
559359
541465
543019
509234
580594
558717
559333
559340
559302
547232
509869
579246
577088
565332
552829
570844
518946
579821
573124
570685
556198
568787
581376
581380
568226
552006
508198
541977
554044
541987
560526
560581
551696
534706
539924
533277
569846
569734
543313
470907
569428
532732
576429
558915
571795
562612
576176
554827
558116
565452
572190
546494
578536
562362
557319
576500
569482
557330
557324
555611
557335
557328
557350
569095
573536
583644
579530
571227
577517
579538
571967
557258
557271
523065
572473
565386
567272
567587
521893
566288
571120
559262
567494
557978
556641
522255
567990
576091
558730
563270
568595
576485
566661
532226
551906
555380
538858
541796
561856
568772
568210
569187
557938
557950
569813
581996
566648
572560
576084
577972
576964
571877
561709
574196
574432
574405
511609
522093
576649
555497
555978
578468
519121
572598
574232
552440
570070
564794
564784
557274
557289
564788
553922
559238
541748
541769
565379
565376
551169
569893
574208
569304
569261
570295
558388
574754
567418
552839
581937
557244
556904
541087
572873
567156
552519
563254
567134
573444
560600
558333
568734
578297
568870
568530
575583
556678
555771
526994
569490
564523
575908
581651
581720
581616
581731
561990
576427
519012
562201
575256
568727
536683
574756
564904
564900
570360
569293
578603
568626
573218
571961
562956
570413
570350
567856
565421
560523
573388
511411
583891
551684
552541
573559
576632
576692
556898
557658
564280
565710
562765
574194
574192
523027
570757
541891
568209
574186
565546
575322
571174
571193
540997
571977
556944
556740
579154
558902
543486
573990
570608
563697
581064
580664
559829
535975
569356
553470
509866
568285
568279
567420
571366
568918
574419
550465
512305
583627
544113
544120
574098
560107
566845
570272
562631
567150
581450
523011
570029
576709
576735
557115
581629
581658
569480
552451
569534
569521
581707
578966
578908
571076
540243
568793
568298
568798
576995
527427
549645
557866
520666
581930
580315
580358
564791
578975
509386
582358
566696
581620
546535
567153
570790
565435
564772
554792
570176
545140
524761
573412
580242
559803
576341
576842
571355
511745
530172
552430
578428
553969
530668
573375
532200
575225
544361
570144
580992
509449
567115
567929
570784
567203
529284
576125
570266
573190
569802
569423
580454
582426
566764
566902
575160
567164
561155
568766
569371
581983
576183
580415
556090
565791
580399
556205
556243
580428
569836
524796
502997
524454
574328
560379
567159
571111
530669
555897
540879
569766
574146
562755
556259
523423
578408
566900
562806
558839
568801
568722
569202
536250
561142
553236
523035
582776
540480
563667
563668
563661
563660
563664
563665
563656
563657
577086
566268
562157
529907
583688
582154
569668
562069
569313
582142
498230
558416
582135
575736
556113
540814
559183
579025
550016
569366
551856
537371
574566
564300
556611
558363
576423
569827
567909
577991
579101
538259
568799
560688
582370
580157
567143
531585
556627
566624
549695
577988
520087
535129
565324
558505
567969
550534
574320
582819
563358
551122
563380
579279
570431
578154
565516
565462
569459
560870
535494
561382
571706
580683
559406
551893
549708
550328
579103
579060
549772
556019
568807
568749
550310
549802
579594
551179
549506
549841
579622
579633
579650
579604
566194
566861
566565
574103
552627
576323
575374
583287
583993
258972
551323
568703
550929
511171
540992
582583
568769
537923
545826
560241
557359
566420
557571
582146
580192
568989
533741
582586
524706
524726
547309
547993
559085
551249
574153
552539
575672
561925
562025
566521
550817
549653
560070
549984
561013
525328
563175
547507
576635
570377
576624
562958
569273
572877
571100
546508
559341
546501
569499
558430
569479
569566
572213
551421
565804
569752
553282
506674
559877
550790
566468
560449
569757
561465
561751
561567
569736
569792
569627
571847
492738
562904
575636
560325
572603
568803
569772
569785
573117
569575
567469
567466
567470
583207
545412
569639
536829
562754
560774
574591
579083
537378
575179
566795
576350
563671
563670
574546
524731
548580
564226
566412
542713
577106
557823
551395
579584
578416
558609
502912
569946
554749
557895
570416
570835
524769
563714
576897
546321
544561
559841
555576
565372
569297
564879
510603
581984
553029
562888
576322
563702
562741
512485
512509
503911
521564
556532
560530
563135
549002
538795
558907
571515
580745
552277
566427
552719
553352
574633
561929
528877
568218
561014
569947
571162
540565
575410
561067
530387
579514
567125
569251
569682
569195
552488
554411
562059
540280
561946
531697
533442
558650
558368
486092
545770
488725
551708
563374
551483
577958
552795
511289
560461
560486
499779