471019
471017
461262
450239
419829
417015
416410
370668
370618
370568
354328
353322
353294
348894
344466
330324
330320
330316
330312
330308
330304
330260
330256
322284
295053
295043
295039
295021
294963
294957
234247
232505
229979
205906
193040
192004
191996
191898
191894
191890
191834
187506
172249
168123
454366
305654
257010
257002
256998
191930
182944
170597
168111
457501
457486
452858
451203
451198
451193
450784
448615
447966
447960
447951
447019
447014
447011
447009
446996
446990
446986
446969
446963
446959
446957
446955
438878
431771
428233
428231
426180
418511
411530
407896
407892
407866
404972
404962
404936
404926
400286
400274
400258
400242
400144
400116
400102
400088
400074
400060
400046
397196
397190
397184
397178
397174
397168
397160
395768
395752
395736
395726
395716
395706
388126
388112
388084
387752
387746
385458
380170
380164
380160
380154
380150
380142
380138
380134
380126
380122
380114
380104
380100
380096
380084
380058
378624
378608
378602
378592
376722
370294
370290
361118
360866
360174
358710
356906
356326
355124
354046
354042
354038
340544
340540
340314
340260
340256
339034
327108
327104
318818
316550
312788
312762
312330
306994
306990
304012
303986
297067
292167
290691
290679
289433
277039
269277
268305
268301
264241
262115
260771
260753
252656
252652
250054
250050
247211
234445
234091
214451
205658
205534
205324
205300
205100
205096
203314
196813
194751
191519
191517
189667
189657
187515
184676
179787
176813
176791
176789
176785
176647
176641
176570
176547
171131
170561
170504
170498
170493
167241
167204
167190
167053
473240
472777
472511
472262
471797
471586
471347
471021
470807
470801
470554
470048
470037
470030
469757
469725
469228
469068
468852
468849
468633
467831
467827
467825
467821
467759
467758
467727
467075
467071
465737
465720
465677
465674
465671
465668
465665
465660
465594
465542
465372
465000
464912
464902
464840
463433
463428
463426
463370
463366
463176
463119
462598
462587
462585
462583
462579
462531
462500
462461
462457
462455
462341
462224
462041
461964
461959
460849
460824
460822
460555
460407
460332
460108
460099
460092
459997
459878
459870
459855
459844
459656
459650
459599
459597
459593
459461
459456
459252
458931
458574
458116
458006
458005
458004
458003
457820
457755
457749
457452
457292
457288
457159
457156
457152
457146
457143
457139
457135
457132
456891
456888
456810
456805
456800
456795
456711
456684
456407
456405
456399
456359
456357
456355
456019
455872
455793
455718
455717
455129
455077
455031
455027
455023
454463
453982
453628
453323
452921
452915
452772
452566
452565
452564
452563
452562
452195
452189
452095
452094
452087
451840
451657
451636
451622
451347
451293
451180
450917
450489
450487
450456
450451
449803
449443
449438
448765
448756
448698
448674
448672
448042
447929
447249
447235
447219
447067
446897
446664
445911
445871
445641
445066
445056
445052
445042
444875
444120
444116
443589
442701
442688
442422
442167
442165
441787
441191
441186
441058
440950
440819
440804
440599
439826
439770
439711
439428
438964
438958
438956
438934
438930
437985
437982
437947
437713
437702
437176
437095
437093
437083
437048
436541
436480
436175
435565
435555
435378
434754
434689
434672
434287
434188
434179
434166
434140
434131
434118
434114
434066
434052
433136
433129
433120
433107
433068
433043
433030
433012
432982
432958
432940
432881
432846
432822
432656
431673
431481
431405
431162
431154
431122
430998
430440
430435
430261
430222
429900
429730
429728
429723
428966
428885
428882
428759
428674
428563
428514
428508
428290
428266
428024
428022
427879
427876
427690
427586
427413
427110
427083
426979
426889
426740
426428
426202
426194
426190
426184
426182
425995
425992
425812
425810
425808
425806
425804
425802
425800
425798
425796
425726
425439
425318
425317
425316
424238
424185
424182
424179
424177
424121
424113
424104
424093
423901
423520
423412
423409
422329
422221
422186
422184
422182
422176
422169
421453
421409
421388
421273
421269
421264
421252
420703
420669
420281
420273
420182
420114
420096
419501
419470
419288
419131
419093
419091
419089
419085
419061
419028
419025
419022
419013
418955
418923
418862
418771
418765
418763
418126
418086
418082
417794
417696
417686
417621
417536
417533
417503
417479
417468
417224
417222
417130
416932
416857
416853
416780
416607
416565
416254
416091
415797
415794
415791
415668
415666
415664
415440
415357
415035
415014
414663
414546
414514
414512
414504
414502
414233
414229
414225
414221
414219
414217
414215
414213
414211
414208
414206
414204
414202
413957
413949
413822
413782
413497
413487
413343
413339
413322
413257
413032
413006
412030
411896
411884
411568
408658
407986
407982
407918
407914
407908
405860
405856
405852
405848
405522
404898
404634
404488
404164
403760
403750
402858
402856
402494
402040
402020
401778
401386
401238
400878
400290
400190
400180
400130
399886
399758
399750
398338
398238
398230
397868
397284
397280
397258
396896
396828
396726
396650
396642
396262
396258
396250
395052
395046
394990
394976
394964
394960
394938
394918
394914
394904
394896
394876
394594
394466
394038
393898
393516
392866
391976
391966
391958
391952
391632
391628
391342
391174
391164
390506
390220
390192
390164
389734
389726
388878
388606
388532
388436
388296
388276
388258
388244
388208
388176
388104
388096
388090
388064
387990
387982
387974
387922
387882
387874
387840
387828
387818
387370
387340
387298
387278
387254
387226
386424
386378
386104
386100
386096
386092
385784
385482
385478
385410
385332
385306
384842
384780
384692
384670
384502
384490
384482
384474
383538
383516
382816
382812
382800
382796
382666
382572
382558
382554
382506
382462
382326
382198
382194
382190
382182
382128
382116
382100
382084
382080
382030
382026
381964
381866
381852
381770
381762
381758
381448
381436
381412
381388
381380
381370
381266
381256
381248
381242
381084
381080
381072
381068
380996
380990
380986
380982
380926
380870
380860
380820
380762
380758
380590
380586
380574
380468
380462
380456
380414
380258
380244
380238
380234
380068
379854
379850
379814
379648
379642
379636
379618
379614
379576
379574
379552
379536
379522
379518
379498
379484
379380
379356
379348
379298
379294
379260
379254
379248
379116
378974
378934
378778
378634
378620
377704
377668
377642
376850
376030
375998
375858
375698
374212
374036
373614
373534
373506
373208
372942
372600
371284
370954
370702
370694
370644
370580
370576
370482
370474
370390
370382
370378
370028
370022
369890
368470
368014
367524
367266
366930
366452
366438
366414
366210
366206
366190
365886
365812
365632
365618
364256
363790
363784
362962
362554
362002
361854
361586
361578
361570
361556
361484
361480
361476
361008
360998
360988
360968
360888
360638
360626
360618
360466
360462
360446
360434
360430
360424
360418
360412
360372
360370
360364
360358
360294
360168
358972
358940
358930
358912
358882
358872
358842
358604
358584
357564
357402
357370
357350
357188
357182
357168
357154
357148
357142
357136
357098
356728
356192
355796
355120
355084
355052
354768
354614
354398
354390
354336
354314
353740
353624
353568
353556
353502
353454
353306
353302
353298
353244
352652
352640
352604
352594
352588
352136
352024
351340
349426
349078
348890
348886
348882
348878
348874
348870
348860
348852
348836
348808
348744
348646
348368
346862
346820
346816
346790
346770
346538
346082
346078
346074
344868
344792
344786
344090
344086
344082
344072
343650
343304
343224
343216
342930
342786
342780
342738
342732
342696
342480
342246
342006
341990
341966
341806
341196
340638
340598
340594
340582
340572
340562
340556
340536
340530
340284
340264
339710
338838
338834
338826
338788
338568
338556
338534
338484
338288
337746
337740
336344
335012
334730
334488
334480
330340
330284
330172
330144
327836
327648
327368
327172
327156
327152
327144
327118
327114
326806
326032
324648
324642
324584
324498
324458
324228
324212
324198
324188
324174
324160
324152
324134
324120
324112
324094
324080
324072
324058
324038
324030
324012
323998
323978
323964
323950
323942
323928
323914
323168
323118
322916
322904
322888
322810
322476
322472
322456
322240
322212
322060
321832
321770
320530
320512
318904
318900
318828
318824
318572
318556
317656
317634
315696
315658
311366
310886
310684
310452
310434
310430
310426
310344
310334
310194
310188
310182
310168
309006
309000
308168
308164
307764
307756
307752
307746
307740
307716
307710
307618
307582
307522
307478
307314
306982
306790
306742
306496
305770
305762
305252
305158
304516
304414
304396
304286
304056
304002
303366
303292
303114
303110
302704
302688
301996
301594
301590
301554
299528
299516
299142
298488
298380
298366
297990
297920
297888
297810
297556
297490
297197
297193
297183
297179
297043
296621
296619
296085
296031
296015
296009
295957
295953
295949
295945
295941
295933
295917
295871
295845
295809
295785
295775
295499
295073
295047
295033
295027
294987
294977
294843
294805
294583
293559
293553
293543
293249
293241
292635
292549
292545
292289
292281
292273
292259
292203
292161
290911
290905
290813
290809
290789
290771
290705
290699
290559
289775
289745
289447
289411
289381
289375
289347
289205
288887
288857
288561
288543
288525
288493
288085
288043
287991
287877
286761
286745
286663
286535
286329
285823
285819
285807
285679
285145
285139
285133
285093
285085
285071
285053
285025
284609
284567
284545
284523
284289
283847
283775
283719
283651
282819
282813
282415
282301
282297
282225
282069
282061
282057
281707
281241
280677
280671
280633
280629
280625
280621
280601
280589
280475
280469
280425
279383
279355
277251
277003
276995
276983
276333
276315
276299
275227
275223
274667
274411
274295
274289
274241
273319
273127
273053
273049
273041
272381
272377
272347
272299
272287
272283
272279
272227
271807
271803
271771
271761
271745
271577
270851
270847
270843
270767
270371
270359
270343
270287
270279
269343
267857
267759
266599
266569
266065
266057
265653
265647
265641
265537
265529
265461
265231
264711
264701
264691
264685
264681
264671
264653
264631
264625
264581
264577
264157
264073
264063
264057
263983
263977
263951
263913
263895
263719
262187
262077
261927
261907
261903
261895
261821
261809
261805
261801
261759
261273
261247
260805
260795
260789
260731
260727
260651
260645
260367
259879
259869
259861
259811
259793
259739
259440
259060
259056
259052
258980
258638
258578
258556
258504
258496
258444
258384
258352
257734
257730
257640
257634
257068
257006
256614
256558
256174
256050
255822
255764
255740
255576
255540
255528
255524
255506
255234
255160
255140
254808
254574
253926
253918
253882
252922
252898
252892
252880
252850
252846
252842
252838
252828
252664
252427
252421
252417
252413
252409
252155
251538
251488
251132
250044
247829
247823
247811
247805
247795
247789
247783
247731
245603
245573
244993
244985
244883
244845
244739
244701
244651
244631
244049
243087
243077
242799
242785
242767
242533
242505
241833
241050
240966
240962
239956
239950
239946
239908
239500
239494
239279
238829
238795
238789
238755
238535
238427
238423
238419
238415
237741
237729
237535
235743
235283
235207
234617
234473
234467
234463
234457
234437
234235
233921
233781
233777
233771
233721
233629
233617
232897
231615
231599
231485
231473
231465
231261
230029
229985
229814
229782
229739
229731
229727
229357
228997
228759
228737
228729
228642
228636
228630
228618
228401
228389
228377
228353
228347
228307
228303
228225
228199
228097
228083
228069
228055
227023
226633
226625
226469
226463
226457
226451
224381
222279
221385
219952
219896
219772
219694
219652
219646
219604
214403
214269
214261
214219
214213
214199
214195
214191
214187
214183
214167
213636
213484
213456
213040
212914
212826
209791
209122
205946
205936
205926
205922
205918
205914
205896
205892
205886
205870
205862
205744
205740
205712
205592
205578
205552
205548
205526
205408
205380
205286
205260
205156
205092
203436
203432
203418
203402
203392
203382
203368
203348
203344
203340
203336
203332
203134
203110
203106
203102
203098
203090
203080
203076
203064
203026
203014
203006
203002
202968
201497
201479
199917
196747
195643
195059
194787
194783
194779
194775
194771
194763
194709
194695
194685
194665
194617
194295
194263
194127
194101
194048
194044
193728
193694
193646
193640
193578
193574
193426
193416
193360
193234
193204
193192
193176
193166
193158
193130
193026
193022
193012
192638
192582
192572
191926
191860
191856
191852
191810
191802
191786
191593
191577
191571
191569
191557
191553
191547
191543
191531
191439
190815
190700
190696
190635
190605
190555
190549
190539
190523
190477
190461
190401
190341
190303
190163
190087
190061
189781
189777
189609
189115
189016
189014
189009
188948
188821
188159
187492
187479
187108
187020
186985
186979
186970
186961
186958
186848
186847
186842
186832
186828
186821
186819
186811
186797
186791
186638
186574
186528
186506
186356
185988
185912
185796
185776
185756
185748
185744
185740
185732
185398
185397
185396
184860
184825
184663
184641
184566
184517
184509
184499
183725
183421
183399
182937
182935
182933
182927
182727
182674
182660
182629
182310
182307
182304
182289
182274
182015
181926
181918
181771
181577
181505
181305
181266
181263
181261
181259
181255
181241
181141
180952
180913
180907
180899
180885
180726
180666
180624
180617
180471
180467
180178
179743
179737
179513
179505
179487
178966
178744
178740
178594
178592
178506
178408
178404
178393
178389
178373
178294
178268
178231
178226
178223
178184
178180
177918
177860
177794
177764
177755
177751
177707
177635
177386
177370
177350
177325
177233
177227
177202
177072
176578
176557
176541
176484
176202
176194
175658
175605
175032
174997
174983
174538
174534
174507
174239
173723
173709
173116
173074
172996
172990
172928
172313
172293
171998
171990
171985
171982
171979
171975
171973
171971
171968
171966
171964
171161
171050
170697
170685
170679
170587
170576
170539
170519
170510
170113
169638
169503
169481
169462
169456
169204
169160
168401
168336
168119
168107
168101
167082
167064
167062
166994
166974
166920
166908
166912
166991
167034
167214
168998
169010
169157
169164
169199
169336
170517
170526
170705
171800
172066
172194
172245
172262
173386
173649
173650
173694
173849
173903
173915
174016
174110
174143
174604
176171
176462
176532
176544
176581
176596
176599
176883
176899
176905
176938
176951
177045
177079
177284
177305
177594
177748
177784
177837
177845
177900
177905
177948
178134
178139
178140
178143
178261
178314
178344
178402
178571
178573
178730
178736
178789
178840
178843
178907
179349
179351
179759
179762
179765
179768
180102
180269
180272
180449
180451
180453
180692
180858
180880
180924
182237
182618
182650
182665
182702
182709
182715
183615
184573
184633
184636
184639
184648
184668
184809
184818
184850
185884
185920
185930
185936
185942
186541
186566
186636
186640
186793
186952
186955
187012
187015
187114
187115
187485
187504
187508
188157
188305
188309
188313
188317
188321
188325
188329
188932
188934
188937
188986
189049
189579
189601
189605
189631
189635
189653
189689
189719
189723
189729
189747
189751
189755
189785
189791
189815
189825
189831
189837
190077
190373
190473
190579
190601
190704
191940
192010
193044
193094
194057
194077
194107
194177
194271
194315
194321
194327
194331
194337
194531
194535
194657
194689
196771
202585
202637
203010
205122
205160
205172
205214
205308
205314
205336
205352
205356
205362
205372
205376
205384
205390
205394
205428
205442
205456
205462
205486
205490
205496
205530
205558
205562
205568
205574
205584
205588
205604
205608
205612
205652
205724
205728
205734
205750
211898
211902
212854
212870
212884
212922
212930
212934
212948
212970
212974
213080
213400
213414
213774
219656
219660
219712
219734
219782
219796
221019
221213
221247
224041
226605
226617
228029
228393
228397
228650
228683
228705
228711
229768
229822
230103
230283
231189
231271
232725
232735
233767
233789
233793
233797
233801
233857
233865
234149
234155
236103
236119
236127
236143
236151
236159
240694
240700
240714
241036
241054
241066
241164
241276
242149
242545
242895
244287
244685
244727
244743
244867
245017
245355
245357
246953
246963
247273
247311
247675
247691
247853
249262
249490
249842
250058
250816
251492
251498
251526
251791
251951
251977
252125
252618
252634
252808
252812
252816
252824
252888
253314
253490
253576
253590
253604
253850
253868
253890
253900
253964
254492
254524
254566
254582
254862
254868
254990
254994
255518
255564
255592
255688
255696
255732
255748
255756
255826
255830
257504
259106
259132
259198
259314
259320
259336
259342
259380
259408
259546
259666
259821
259851
260571
261817
261827
261843
261847
261851
261861
261873
261987
262095
262099
262139
263731
263867
264529
264565
265473
265697
266595
266607
266619
266627
266631
267631
267649
268760
268766
269331
270763
270779
270839
271421
271441
271455
272203
272339
272343
272941
273585
274345
274351
274355
274357
274361
275247
275261
276275
276283
276287
276295
276307
276329
276917
276925
276985
276991
276993
277005
277181
277185
277197
277209
277527
277539
277569
278373
279515
279545
279573
279943
280817
281169
281189
282365
282373
282381
282809
282823
284625
284861
285043
285077
285101
285151
285157
285161
285585
285841
286025
286091
286305
286309
286401
286405
286769
287771
287987
288361
288863
288943
288955
288991
288999
289043
289051
289427
289723
289741
289767
289771
289971
289997
290131
290181
290717
290763
290767
290779
290797
290801
290915
291817
292157
292431
293347
293351
294983
294993
295003
295493
295521
295527
295533
295545
295551
295557
295837
295875
295905
295909
295929
296023
297171
297175
297412
297544
297710
298356
298438
298442
298568
298798
298812
299548
299956
301578
301602
303338
303360
304202
304232
304886
306502
306746
306774
306862
307444
308428
308432
308702
308708
308714
308720
308726
308732
308996
309098
309154
309682
310020
310024
310028
310190
310202
310218
310244
310370
310484
310688
311434
315648
315652
315662
315684
315704
315708
318278
318286
318634
318638
318642
318832
318840
318980
319010
319026
319030
320548
320564
320714
320742
320756
320780
320820
321796
321820
321828
321846
322468
322528
322532
322588
322666
322804
322816
322822
322828
322856
322892
322900
322908
322924
322956
323110
323122
323130
323134
323172
323548
323562
323576
323672
323686
323700
323704
323768
323782
323796
323854
323910
324022
324196
324306
324550
324554
324562
324574
324578
327298
329528
330128
330152
330178
330194
330300
330596
334532
334536
336458
336472
336484
336490
336496
336506
336674
337752
338456
338502
338544
338552
338576
338580
338586
338952
339052
339716
341774
341962
341974
341994
341998
342252
343308
343636
343718
344710
344860
345352
345360
346116
346124
346156
346486
346530
346842
348630
348634
348642
348794
349302
353670
353702
356910
357302
357310
358288
358294
358358
358362
358690
359028
359044
359048
359086
359098
359220
359254
359266
359664
359980
359984
359988
360072
360300
360304
360322
360606
360948
361832
361850
362826
362838
362842
362846
362854
362866
362870
363802
365576
365586
367206
367868
368876
368884
369828
369836
370560
370624
370734
370738
370746
370816
371058
371144
371164
371174
371180
371188
372532
372758
372760
372772
372908
373872
374040
374044
374172
374492
375878
376002
376282
376290
376298
376302
376518
376536
376544
376552
376560
376814
377260
377296
377578
378700
378716
379160
379166
379384
379540
379846
381090
381204
381236
381444
381766
382044
382048
382120
382136
382142
382146
382152
382186
382488
382492
382498
382766
382770
382778
382808
382846
384766
384992
385300
385390
385402
385416
385724
385728
385732
385772
385780
386474
386486
386648
386660
386664
386758
386776
386806
386816
387324
387344
387348
387386
387400
387408
387416
387426
387430
387488
387502
387516
387534
387834
387848
388196
388200
388204
388212
388228
388520
388528
388564
388808
388810
389642
390390
390400
390514
390674
390692
390868
391244
391254
391810
391850
393088
393092
394892
395258
395270
395592
395798
395998
396436
396450
396718
397128
397142
397864
398038
398226
398246
399734
399764
399770
400150
400830
400834
401408
401786
402252
404192
404198
404534
404538
404542
404916
405650
409292
409296
409300
409308
411094
411708
411716
411888
412384
413222
413224
413226
413264
413266
413327
413329
413353
413359
413678
413725
414168
414223
414508
414518
414528
414532
414536
414542
415073
415381
415439
415441
415544
415594
415675
415676
415856
415858
415975
416530
416534
417012
417617
417619
417684
417869
418361
418366
418368
418756
418760
419031
419034
419037
419046
419435
419442
419763
419793
419916
420099
420107
420619
421366
421367
421370
421371
421631
421703
421871
421875
422019
422032
422068
422101
423012
423371
423378
423385
423391
423394
423406
423415
423420
423425
423462
423465
423506
423508
423517
423523
423664
423705
423896
423899
424551
424553
424574
425192
425984
425987
426730
426821
426965
427467
427472
427478
427493
427497
427524
427562
427581
427620
428213
428265
428306
428695
428704
429563
431066
431111
431118
431138
431146
431158
431160
431369
431391
431396
431482
431527
431638
431640
431641
431671
431793
432653
432694
432806
432810
432812
433776
434054
434056
434095
434102
434104
434340
434344
435559
435758
435904
435913
435915
435927
435929
435931
435934
435950
436041
436312
436316
436483
436485
436514
436520
436532
436537
436608
436623
437077
437089
437099
437100
437102
437165
437178
437287
437770
437774
438453
438868
438873
438909
438952
438954
438966
439334
439418
439425
439431
439434
439437
439779
439813
439871
440263
440471
440668
440808
440810
440812
440814
440961
440963
440968
440970
441056
441066
441069
441071
441073
441075
441200
441328
441409
441458
441724
441851
442169
442171
442584
442814
442873
442876
442878
442887
442891
442896
443072
443278
444275
444345
444350
444355
444360
444365
444508
444621
444888
444890
445038
445286
445462
445468
445480
445486
445492
445498
445925
445940
446075
446522
446529
446532
446587
446589
446999
447032
447038
447042
447069
447810
447813
448209
448211
448215
448223
448654
448656
448663
448670
448854
449064
449066
449068
449072
449262
449264
449266
449268
449270
449272
449274
449556
449557
449634
449964
449973
449981
449982
450447
450757
451062
451068
451344
451623
451629
451655
451805
451954
452187
452207
452779
453936
453941
453951
453958
453962
453964
453966
454820
455043
455046
455359
455364
455393
455522
455720
455795
456040
456045
456170
456172
456174
456380
456409
456412
456627
456713
456815
456820
456877
456880
456882
456884
457118
457167
458252
458280
458655
458877
458880
458958
458966
458972
458978
459168
459314
459472
459546
459569
459577
459652
459820
459876
460095
460113
460121
460765
460850
460910
461321
461323
461956
461966
461975
462017
462019
462021
462025
462028
462033
462039
462088
462192
462459
462494
462537
462577
462700
462917
462926
463055
463057
463063
463114
463122
463207
463217
463246
463338
463342
463368
463374
463375
463377
463391
463451
463464
463574
463579
463735
464306
464308
464487
464488
464489
464490
464813
464816
464824
464826
464842
465235
465243
465292
465301
465345
465347
465350
465417
465549
465552
465682
465726
465728
465732
465734
466013
466017
466105
466117
466218
466220
466222
466224
466226
466311
466339
466523
466772
466833
466882
466894
466940
467025
467073
467171
467172
467198
467241
467439
467593
467717
467779
467779
467781
467794
467929
467932
468050
468053
468055
468082
468096
468617
468623
468628
468632
468634
468766
468856
469109
469150
469212
469215
469220
469224
469234
469337
469342
469348
469353
469475
469618
469693
469707
469723
469802
469949
469997
470067
470068
470069
470076
470101
470149
470161
470313
470408
470497
470549
470597
470600
470752
471057
471585
471587
471766
471788
471800
471819
471821
471823
472006
472321
472390
472393
472399
472569
472642
472659
472769
472782
472785
472795
472798
472799
472800
472852
472956
472971
472993
472995
473228
473285
473298
473536
473579
473698
473735
473776
473899
473989
474019
474026
474102
474108
474110
474146
474170
474484
474501
474777
474875
475202
475468
475470
475785
475797
476018
476259
476267
476316
476508
476509
476510
476629
476697
476820
476866
476919
476937
477130
477168
477590
477591
477720
477805
477872
477881
478189
478285
478547
478682
478683
478725
478755
479150
479354
479362
479475
479523
479536
480088
480215
480427
480946
481033
481277
481282
481835
481836
481891
481935
482093
482095
482120
482814
482980
482981
483266
484164
484742
485154
485219
485252
485254
485297
485540
485956
485958
486210
486259
486566
487076
487238
487241
487284
487808
489420
489770
489773
490570
491309
491361
491936
492216
492257
492274
492579
493240
493379
493456
494307
497078
497197
499200
503613
503860
506593
507251
508307
509293
509613
510586
510753
511273
511508
512131
512854
513233