552358
549228
548582
547925
547471
547349
546963
546718
546528
546408
545676
545601
545290
544694
544552
544409
544366
544360
543543
543255
542794
542274
542199
542132
541965
541833
541552
541545
541541
541523
541466
541417
541281
541141
541027
540524
540514
540506
540466
540441
539705
539697
539674
538799
538670
538097
538080
538027
537716
537644
537627
537359
535996
535774
535487
535485
534703
533256
533225
533216
533212
533209
532763
532467
532465
532460
532422
531709
530959
530832
530487
530277
529563
529241
529218
529200
529164
529119
529016
528950
528915
528907
528900
528894
528869
528787
528771
528687
528601
528480
528268
528055
528020
527925
527922
527902
527859
527846
527827
527572
527449
527252
527226
527200
527181
527160
527154
526935
526901
526779
526242
526223
526211
525835
525785
525687
525677
525518
525323
525245
525218
525032
525028
524971
524970
524969
524967
524952
524763
524568
524378
524182
524174
523716
523680
523673
523671
523667
523645
523638
523632
523261
523121
522875
522314
521885
521723
521600
521501
521489
521328
521244
521101
520706
520254
520202
519709
519694
519594
519585
519512
519424
519422
519413
519331
519067
519065
518497
518077
517789
517775
517583
517373
517316
516949
516879
516877
516767
516488
516049
515671
515660
515625
515620
515608
515550
515445
515231
514755
514696
514603
514564
514532
514409
514344
514340
514336
514320
514169
514028
513995
513944
513916
513915
513884
513881
513874
513855
513833
513817
513807
513792
513791
513778
513651
513637
513631
513457
513402
489773
489770
485540
485154
478189
476510
476509
476508
473899
472852
472798
472642
472511
472262
471788
471587
471019
471017
470600
470597
470497
469068
468852
468849
468628
467758
466894
466882
465677
465542
464912
464489
463433
463428
463426
463370
463368
463366
463063
462587
462531
462500
462224
461323
461262
460121
460095
459855
459650
459569
459546
458931
458004
458003
457755
457292
457288
456713
456412
456407
456405
456357
455720
454463
453628
452858
452772
452566
452562
452094
450239
449803
448698
448042
447929
446897
446075
445871
445052
445038
444120
444116
440668
439711
439437
439334
437985
437178
436175
435950
435565
435378
434672
434344
434340
432656
432653
431138
429900
429728
428885
428882
428563
428233
428231
427879
427110
427083
426889
425995
425992
425439
425318
425317
425316
424574
424185
424182
423705
422032
422019
421631
421409
419829
419501
419470
419061
419046
419037
419034
419031
419028
418086
418082
417015
416932
416780
416565
416410
415975
414518
414512
414225
414221
414219
414217
414215
414211
414202
413957
413949
413782
413497
413487
412030
409300
407918
407914
407892
407866
404926
404198
404192
403760
403750
402494
401386
401238
400834
400274
397142
396262
395046
394960
394896
394876
394466
393898
393092
393088
391174
391164
389734
389726
388606
388296
388276
387990
387982
387974
385478
385390
384766
382846
382766
382572
382506
382488
382198
382194
382128
382084
380986
380926
380238
380160
380122
379648
379618
379356
379254
379248
378716
378700
376722
376560
376552
376544
376536
376518
374212
373208
370668
370618
370580
370028
370022
369890
368884
368876
367524
366190
364256
363790
363784
362870
362866
362854
362846
362842
362838
362826
362554
361480
361476
360988
360968
360866
360174
359664
359254
358930
358912
358294
358288
357188
357182
357168
357148
357142
357136
357098
355796
355084
355052
354614
354328
354038
353454
353322
353306
353298
353294
351340
349426
349078
348894
348890
348808
348646
348642
348634
348630
346790
346078
344860
344466
342738
342480
339710
338586
336506
336496
336490
336484
336472
336458
335012
334488
334480
330324
330320
330316
330312
330308
330304
330260
330256
327368
327172
327156
327152
327144
327118
327114
327108
327104
326806
322532
322284
318818
311366
310452
310426
310244
307478
304056
303114
302688
301594
301590
301554
299142
297556
297490
296031
296015
295917
295557
295551
295073
295053
295047
295043
295039
295033
295027
295021
294987
294977
294963
294957
293553
293543
290789
290691
289427
288955
288943
288857
288361
286329
285823
285819
285807
285679
285133
284861
283719
282069
282061
282057
280677
280633
280629
280621
280601
280475
273041
270843
269277
267857
264711
264685
264681
264671
264241
263977
261927
261907
261903
261895
261843
259879
259314
259132
258638
258504
258496
257734
257730
257010
257006
257002
253918
252850
251498
251492
244845
243087
242799
242505
241833
240714
240700
240694
239956
239946
239908
238795
236143
236127
236119
236103
235283
234617
234247
233865
233721
233617
232505
231599
231473
230103
230029
229979
228759
228683
228650
228642
226633
226625
226617
226605
224381
214269
214199
213484
205914
205906
205408
205172
205122
205092
203076
203064
203026
203014
199917
195059
193130
193040
192004
191996
191930
191898
191894
191890
191856
191852
191834
191810
191557
190523
190477
190401
189609
187515
187506
187504
187492
187485
186847
185396
183421
183399
182944
182665
182289
181918
181266
181263
180467
179351
179349
178373
178231
178226
176647
176641
176557
176532
176462
174997
174983
171998
171982
171968
171964
168123
168111
168107
168101